"No.","Exon / Intron","Start","End","Start Phase","End Phase","Length","Sequence"
"","5' upstream sequence","","","","","","                            ..........gccgccccgcgcccgctccgcccccgcgccgccggccctagtctgcctgt                "
"1","ENSE00001844147","98,386,579","98,386,440","-","0","140","                            TTTCGACTCGCGCTCCGGCTGCTGTCACTTGGCTCTCTGGCTGGAGCTTGAGGACGCAAGGAGGGTTTGTCACTGGCAGACTCGAGACTGTAGGCACTGCCATGGCCCCTGTGCTCAGTAAGGACTCGGCGGACATCGAG                                                        "
" ","Intron 1-2","98,386,439","98,348,931","","","37,509","                            gtacggacttcgcgccggctcgtcg..........tacacattgtttatgctgtctttag                "
"2","ENSE00003527026","98,348,930","98,348,820","0","0","111","                            AGTATCCTGGCTTTAAATCCTCGAACACAAACTCATGCAACTCTGCGTTCCACTTCGGCCAAGAAATTAGACAAGAAACATTGGAAAAGAAATCCTGATAAGAACTGCTTT                         "
" ","Intron 2-3","98,348,819","98,293,753","","","55,067","                            gtaagtaccactgatacactatttc..........aatgcaatttttaaatatgttgcag                "
"3","ENSE00001761942","98,293,752","98,293,670","0","2","83","                            AATTGTGAGAAGCTGGAGAATAATTTTGATGACATCAAGCACACGACTCTTGGTGAGCGAGGAGCTCTCCGAGAAGCAATGAG                                                     "
" ","Intron 3-4","98,293,669","98,206,036","","","87,634","                            gtaagtctgggtcaccatagcaaca..........ttaacatagttattttatttcctag                "
"4","ENSE00001337292","98,206,035","98,205,948","2","0","88","                            ATGCCTGAAATGTGCAGATGCCCCGTGTCAGAAGAGCTGTCCAACTAATCTTGATATTAAATCATTCATCACAAGTATTGCAAACAAG                                                "
" ","Intron 4-5","98,205,947","98,187,228","","","18,720","                            gtaaattcagatttaactctgcaaa..........attttattttgtattaattttgcag                "
"5","ENSE00001175981","98,187,227","98,187,066","0","0","162","                            AACTATTATGGAGCTGCTAAGATGATATTTTCTGACAACCCACTTGGTCTGACTTGTGGAATGGTATGTCCAACCTCTGATCTTTGTGTAGGTGGATGCAATTTATATGCCACTGAAGAGGGACCCATTAATATTGGTGGATTGCAGCAATTTGCTACTGAG                                  "
" ","Intron 5-6","98,187,065","98,165,104","","","21,962","                            gtatgtatgatatacacgtgacatc..........accatgacaattgatttccccgtag                "
"6","ENSE00003676911","98,165,103","98,164,907","0","2","197","                            GTATTCAAAGCAATGAGTATCCCACAGATCAGAAATCCTTCGCTGCCTCCCCCAGAAAAAATGTCTGAAGCCTATTCTGCAAAGATTGCTCTTTTTGGTGCTGGGCCTGCAAGTATAAGTTGTGCTTCCTTTTTGGCTCGATTGGGGTACTCTGACATCACTATATTTGAAAAACAAGAATATGTTGGTGGTTTAAG                                                           "
" ","Intron 6-7","98,164,906","98,157,355","","","7,552","                            gtaatgcctacatttatttcatgtt..........gtttttctttctcctttcttttcag                "
"7","ENSE00001428755","98,157,354","98,157,273","2","0","82","                            TACTTCTGAAATTCCTCAGTTCCGGCTGCCGTATGATGTAGTGAATTTTGAGATTGAGCTAATGAAGGACCTTGGTGTAAAG                                                      "
" ","Intron 7-8","98,157,272","98,144,739","","","12,534","                            gtaaatgaaaaaaacacctatctgt..........ttatgcaaaatattgtttcttatag                "
"8","ENSE00001429819","98,144,738","98,144,651","0","1","88","                            ATAATTTGCGGTAAAAGCCTTTCAGTGAATGAAATGACTCTTAGCACTTTGAAAGAAAAAGGCTACAAAGCTGCTTTCATTGGAATAG                                                "
" ","Intron 8-9","98,144,650","98,060,723","","","83,928","                            gtgagtagtttactcttaaatatat..........atattttataaatttgattacttag                "
"9","ENSE00001430871","98,060,722","98,060,615","1","1","108","                            GTTTGCCAGAACCCAATAAAGATGCCATCTTCCAAGGCCTGACGCAGGACCAGGGGTTTTATACATCCAAAGACTTTTTGCCACTTGTAGCCAAAGGCAGTAAAGCAG                            "
" ","Intron 9-10","98,060,614","98,058,944","","","1,671","                            gtataacatattgtcttttatgctt..........atggggttttcctttcatcattcag                "
"10","ENSE00001431920","98,058,943","98,058,774","1","0","170","                            GAATGTGCGCCTGTCACTCTCCATTGCCATCGATACGGGGAGTCGTGATTGTACTTGGAGCTGGAGACACTGCCTTTGACTGTGCAACATCTGCTCTACGTTGTGGAGCTCGCCGTGTGTTCATCGTCTTCAGAAAAGGCTTTGTTAATATAAGAGCTGTCCCTGAGGAG                          "
" ","Intron 10-11","98,058,773","98,039,527","","","19,247","                            gtaaaatggaaccatcagaaaatat..........tcttctctgttctgttttgttttag                "
"11","ENSE00001433514","98,039,526","98,039,316","0","1","211","                            ATGGAACTTGCTAAGGAAGAAAAGTGTGAATTTCTGCCATTCCTGTCCCCACGGAAGGTTATAGTAAAAGGTGGGAGAATTGTTGCTATGCAGTTTGTTCGGACAGAGCAAGATGAAACTGGAAAATGGAATGAAGATGAAGATCAGATGGTCCATCTGAAAGCCGATGTGGTCATCAGTGCCTTTGGTTCAGTTCTGAGTGATCCTAAAG                                             "
" ","Intron 11-12","98,039,315","98,015,301","","","24,015","                            gtacagtgctgggagctgaaatgtg..........tattgtttttcacttgttttttcag                "
"12","ENSE00001416589","98,015,300","98,015,116","1","0","185","                            TAAAAGAAGCCTTGAGCCCTATAAAATTTAACAGATGGGGTCTCCCAGAAGTAGATCCAGAAACTATGCAAACTAGTGAAGCATGGGTATTTGCAGGTGGTGATGTCGTTGGTTTGGCTAACACTACAGTGGAATCGGTGAATGATGGAAAGCAAGCTTCTTGGTACATTCACAAATACGTACAG                                                                       "
" ","Intron 12-13","98,015,115","97,981,498","","","33,618","                            gtaggcatttgccatcatttccact..........ccaagtattggtttgtattttgcag                "
"13","ENSE00001175948","97,981,497","97,981,282","0","0","216","                            TCACAATATGGAGCTTCCGTTTCTGCCAAGCCTGAACTACCCCTCTTTTACACTCCTATTGATCTGGTGGACATTAGTGTAGAAATGGCCGGATTGAAGTTTATAAATCCTTTTGGTCTTGCTAGCGCAACTCCAGCCACCAGCACATCAATGATTCGAAGAGCTTTTGAAGCTGGATGGGGTTTTGCCCTCACCAAAACTTTCTCTCTTGATAAG                                        "
" ","Intron 13-14","97,981,281","97,915,780","","","65,502","                            gtaagaaaatattattgaagtcata..........ctcaatatctttactctttcatcag                "
"14","ENSE00001067066","97,915,779","97,915,615","0","0","165","                            GACATTGTGACAAATGTTTCCCCCAGAATCATCCGGGGAACCACCTCTGGCCCCATGTATGGCCCTGGACAAAGCTCCTTTCTGAATATTGAGCTCATCAGTGAGAAAACGGCTGCATATTGGTGTCAAAGTGTCACTGAACTAAAGGCTGACTTTCCAGACAAC                               "
" ","Intron 14-15","97,915,614","97,848,018","","","67,597","                            gtaagtgtgatttaacatctaaaac..........tattcttttgtttttctttttaaag                "
"15","ENSE00001175939","97,848,017","97,847,949","0","0","69","                            ATTGTGATTGCTAGCATTATGTGCAGTTACAATAAAAATGACTGGACGGAACTTGCCAAGAAGTCTGAG                                                                   "
" ","Intron 15-16","97,847,948","97,839,201","","","8,748","                            gtaatggttactttagtatatattt..........tttcattttcctttcttgtttaaag                "
"16","ENSE00001293694","97,839,200","97,839,117","0","0","84","                            GATTCTGGAGCAGATGCCCTGGAGTTAAATTTATCATGTCCACATGGCATGGGAGAAAGAGGAATGGGCCTGGCCTGTGGGCAG                                                    "
" ","Intron 16-17","97,839,116","97,771,854","","","67,263","                            gtaaggaccttgacagctgccacta..........atatttaaccgacctatttgaacag                "
"17","ENSE00001401691","97,771,853","97,771,733","0","1","121","                            GATCCAGAGCTGGTGCGGAACATCTGCCGCTGGGTTAGGCAAGCTGTTCAGATTCCTTTTTTTGCCAAGCTGACCCCAAATGTCACTGATATTGTGAGCATCGCAAGAGCTGCAAAGGAAG                                                                           "
" ","Intron 17-18","97,771,732","97,770,935","","","798","                            gtaagaacttgacttgaatcagttg..........gaaaatgttgatgtgtcttgcatag                "
"18","ENSE00001402719","97,770,934","97,770,815","1","1","120","                            GTGGTGCCAATGGCGTTACAGCCACCAACACTGTCTCAGGTCTGATGGGATTAAAATCTGATGGCACACCTTGGCCAGCAGTGGGGATTGCAAAGCGAACTACATATGGAGGAGTGTCTG                "
" ","Intron 18-19","97,770,814","97,700,551","","","70,264","                            gtaggtgttgcccacttcttgcatt..........cattgattattctgattttgtgtag                "
"19","ENSE00001248261","97,700,550","97,700,408","1","0","143","                            GGACAGCAATCAGACCTATTGCTTTGAGAGCTGTGACCTCCATTGCTCGTGCTCTGCCTGGATTTCCCATTTTGGCTACTGGTGGAATTGACTCTGCTGAAAGTGGTCTTCAGTTTCTCCATAGTGGTGCTTCCGTCCTCCAG                                                     "
" ","Intron 19-20","97,700,407","97,658,805","","","41,603","                            gtagtcattgtgtttgtctgtccct..........tggttgactgctctgtcttttctag                "
"20","ENSE00001179015","97,658,804","97,658,625","0","0","180","                            GTATGCAGTGCCATTCAGAATCAGGATTTCACTGTGATCGAAGACTACTGCACTGGCCTCAAAGCCCTGCTTTATCTGAAAAGCATTGAAGAACTACAAGACTGGGATGGACAGAGTCCAGCTACTGTGAGTCACCAGAAAGGGAAACCAGTTCCACGTATAGCTGAACTCATGGACAAG                "
" ","Intron 20-21","97,658,624","97,564,189","","","94,436","                            gtatgtgcttaaatctcctgtgtta..........ccttatttgtgtgttttccttttag                "
"21","ENSE00001003444","97,564,188","97,564,045","0","0","144","                            AAACTGCCAAGTTTTGGACCTTATCTGGAACAGCGCAAGAAAATCATAGCAGAAAACAAGATTAGACTGAAAGAACAAAATGTAGCTTTTTCACCACTTAAGAGAAACTGTTTTATCCCCAAAAGGCCTATTCCTACCATCAAG                                                    "
" ","Intron 21-22","97,564,044","97,548,027","","","16,018","                            gtaaaaattatgccaactatataag..........taagtaattcagtggctatttttag                "
"22","ENSE00001067062","97,548,026","97,547,886","0","0","141","                            GATGTAATAGGAAAAGCACTGCAGTACCTTGGAACATTTGGTGAATTGAGCAACGTAGAGCAAGTTGTGGCTATGATTGATGAAGAAATGTGTATCAACTGTGGTAAATGCTACATGACCTGTAATGATTCTGGCTACCAG                                                       "
" ","Intron 22-23","97,547,885","97,544,703","","","3,183","                            gtaagaatcctgctggaattagaat..........caataccctctatttctgtttgcag                "
"23","ENSE00001837520","97,544,702","97,543,299","0","-","1,404","                            GCTATACAGTTTGATCCAGAAACCCACCTGCCCACCATAACCGACACTTGTACAGGCTGTACTCTGTGTCTCAGTGTTTGCCCTATTGTCGACTGCATCAAAATGGTTTCCAGGACAACACCTTATGAACCAAAGAGAGGCGTACCCTTATCTGTGAATCCGGTGTGTTAAGGTGATTTGTGAAACAGTTGCTGTGAACTTTCATGTCACCTACATATGCTGATCTTTTAAAATCATGATCCTTGTGTTCAGCTCTTTCCAAATTAAAACAAATATACATTTTCTAAATAAAAATATGTAATTTCAAAATACATTTGTAAGTGTAAAAAATGTCTCATGTCAATGACCATTCAATTAGTGGTCATAAAATAGAATAATTCTTTTCTGAGGATAGTAGTTAAATAACTGTGTGGCAGTTAATTGGATGTTCACTGCCAGTTGTCTTATGTGAAAAATTAACTTTTTTGTGGCAATTAGTGTGACAGTTTCCAAATTGCCCTATGCTGTGCTCCATATTTGATTTCTAATTGTAAGTGAAATTAAGCATTTTGAAACAAAGTACTCTTTAACATACAAGAAAATGTATCCAAGGAAACATTTTATCATTAAAAATTACCTTTAATTTTAATGCTGTTTCTAAGAAAATGTAGTTAGCTCCATAAAGTACAAATGAAGAAAGTCAAAAAATTATTTGCTATGGCAGGATAAGAAAGCCTAAAATTGAGTTTGTAGAACTTTATTAAGTAAAATCCCCTTCGCTGAAATTGCTTATTTTTGGTGTTGGATAGAGGATAGGGAGAATATTTACTAACTAAATACCATTCACTACTCATGCGTGAGATGGGTGTACAAACTCATCCTCTTTTAATGGCATTTCTCTTTAAACTATGTTCCTAACAAAATGAGATGATAGGATAGATCCTGGTTACCACTCTTTTGCTGTGCACATACGGGCTCTGACTGGTTTTAATAGTCACCTTCATGATTATAGCAACTAATGTTTGAACAAAGCTCAAAGTATGCAATGCTTCATTATTCAAGAATGAAAAATATAATGTTGATAATATATATTAAGTGTGCCAAATCAGTTTGACTACTCTCTGTTTTAGTGTTTATGTTTAAAAGAAATATATTTTTTGTTATTATTAGATAATATTTTTGTATTTCTCTATTTTCATAATCAGTAAATAGTGTCATATAAACTCATTTATCTCCTCTTCATGGCATCTTCAATATGAATCTATAAGTAGTAAATCAGAAAGTAACAATCTATGGCTTATTTCTATGACAAATTCAAGAGCTAGAAAAATAAAATGTTTCATTATGCACTTTTAGAAATGCATATTTGCCACAAAACCTGTATTACTGAATAATATCAAATAAAATATCATAAAGCATTTTAAA                                                    "
"","3' downstream sequence","","","","","","                            tatggtcttttgctgcctcatttgcaaatataatttcatataaacaattt..........                "
